4920 4760
4880 4360
4520 4320
3960 4240
3720 3960
3920 3560
4120 3280
4240 2960
4400 2240
4320 1760
4240 1200
3960 760
3600 720
3480 880
3440 1080
3520 1480
3520 1880
3480 2400
3360 2920
3000 3400
2520 3360
2480 3000
2840 2360
2880 1520
2720 800
2400 720
2240 760
2160 1080
2080 1520
2160 2120
2120 2600
1800 2760
1640 2680
1680 2000
1640 1200
1600 520
1280 400
1040 520
1120 1160
1200 1640
1240 2040
1120 2320
960 2400
720 2040
680 1560
640 1120
600 720
360 600
200 640
200 880
160 1160
200 1560
280 2160
480 2640
840 3000
1520 3520
2080 3720
1920 3920
1280 4080
680 4080
400 3760
280 4120
480 4600
880 4840
1320 4840
1840 4760
2280 4760
2720 4880
3240 4920
3800 4920
4600 4920
EndFile 4.2
